     0/199     5.23G     0.102   0.02365   0.05642    0.1821        28       640         0         0         0         0   0.09816   0.02143   0.05346
     1/199     5.24G   0.09413    0.0236   0.05269    0.1704        22       640         0         0  0.007804  0.001813   0.09184   0.02245   0.05002
     2/199     5.24G   0.07904   0.02399   0.04816    0.1512        31       640    0.2064   0.06601    0.0682   0.02124   0.07162   0.02029   0.04348
     3/199     5.24G    0.0666   0.02079   0.03799    0.1254        30       640    0.2127     0.385     0.213   0.07711   0.05445   0.01792   0.03416
     4/199     5.24G   0.06003    0.0179   0.02644    0.1044        29       640    0.1105    0.3801    0.1367   0.04516   0.08719     0.137    0.0449
     5/199     5.24G   0.05749   0.01641   0.01985   0.09375        22       640    0.2621    0.8268    0.5997    0.2802   0.04287   0.01341   0.01682
     6/199     5.24G   0.05151    0.0143   0.01488   0.08068        29       640    0.3501    0.8832    0.7553    0.3378    0.0465   0.01244   0.01384
     7/199     5.24G   0.04652   0.01315   0.01116   0.07083        31       640     0.368    0.9801    0.9064    0.5074   0.03474  0.009509   0.00948
     8/199     5.24G   0.04237   0.01191  0.008183   0.06246        28       640     0.385    0.9791    0.9291    0.4738   0.03549   0.00898  0.006556
     9/199     5.24G   0.04032   0.01134  0.006622   0.05828        24       640    0.5098    0.9798    0.9702    0.6204   0.02811  0.008086  0.003873
    10/199     5.24G   0.03901   0.01076  0.005537    0.0553        34       640    0.5374    0.9894    0.9694    0.5954   0.03025  0.008445  0.003151
    11/199     5.24G   0.03591   0.01031  0.004956   0.05118        37       640    0.6465    0.9842    0.9771    0.6303   0.02817  0.007536  0.002467
    12/199     5.24G   0.03524   0.01017  0.004549   0.04996        23       640    0.5925    0.9833    0.9803    0.6549   0.02634  0.007577  0.002515
    13/199     5.24G   0.03358  0.009808  0.004302   0.04769        30       640    0.6617    0.9801     0.975    0.6715   0.02695   0.00752  0.003123
    14/199     5.24G   0.03281  0.009528  0.004121   0.04646        17       640      0.63    0.9822    0.9725    0.6764   0.02694   0.00725    0.0024
    15/199     5.24G   0.03115  0.009325  0.003527   0.04401        29       640    0.7428    0.9829     0.982    0.6907   0.02407  0.007148  0.001825
    16/199     5.24G   0.03033  0.009124  0.003228   0.04268        33       640     0.788    0.9776    0.9797    0.6679   0.02411  0.006869  0.002929
    17/199     5.24G   0.02929  0.008935  0.003223   0.04145        28       640    0.7127    0.9829    0.9836    0.7057   0.02201  0.006726   0.00178
    18/199     5.24G   0.02927  0.009025  0.003276   0.04157        28       640    0.7646    0.9896    0.9852    0.7061   0.02206  0.006737  0.001861
    19/199     5.24G   0.02855  0.008649  0.003176   0.04037        24       640     0.769     0.991    0.9882     0.721   0.02126  0.006323  0.001727
    20/199     5.24G   0.02697  0.008376  0.002767   0.03811        31       640    0.7733    0.9911    0.9854    0.7275   0.02095  0.006287  0.001786
    21/199     5.24G   0.02731  0.008292  0.003178   0.03877        27       640    0.7749    0.9856    0.9854    0.7239   0.02027  0.006236  0.001644
    22/199     5.24G   0.02725  0.008297  0.002884   0.03843        35       640    0.7859    0.9854    0.9868    0.7476   0.01994  0.006221  0.001651
    23/199     5.24G   0.02572  0.008057  0.002949   0.03673        22       640    0.8576     0.987    0.9857    0.7255   0.01988  0.006077  0.001686
    24/199     5.24G   0.02564   0.00802  0.002936   0.03659        34       640    0.8148    0.9852    0.9849    0.7369   0.01943  0.006113  0.001596
    25/199     5.24G    0.0255  0.007999  0.003075   0.03657        29       640    0.8456    0.9828    0.9852    0.7448    0.0194  0.005948  0.001482
    26/199     5.24G   0.02542  0.007858  0.002783   0.03606        26       640    0.8366    0.9872    0.9874    0.7525   0.01843   0.00595   0.00146
    27/199     5.24G   0.02476  0.007697  0.002622   0.03508        19       640    0.8314    0.9872    0.9891    0.7564   0.01853  0.005786  0.001307
    28/199     5.24G   0.02431  0.007703  0.002712   0.03473        22       640    0.8466    0.9865     0.987    0.7568   0.01883  0.005727    0.0015
    29/199     5.24G   0.02363  0.007445  0.002338   0.03341        31       640    0.8697    0.9862    0.9889    0.7553   0.01861  0.005671  0.001381
    30/199     5.24G   0.02367  0.007421  0.002568   0.03366        27       640    0.8685    0.9874    0.9892    0.7587   0.01835  0.005695  0.001428
    31/199     5.24G   0.02301  0.007198  0.002301   0.03251        27       640    0.8815    0.9821    0.9858    0.7561   0.01872  0.005817  0.001385
    32/199     5.24G   0.02346    0.0074  0.002415   0.03328        34       640    0.8811    0.9839    0.9863    0.7595   0.01816  0.005563  0.001331
    33/199     5.24G   0.02342  0.007414  0.002166     0.033        30       640    0.8448    0.9854    0.9866    0.7646   0.01785  0.005618  0.001484
    34/199     5.24G   0.02241  0.007206  0.002183    0.0318        28       640    0.8906    0.9835    0.9862    0.7615   0.01829  0.005526  0.001262
    35/199     5.24G   0.02269  0.007145  0.002256   0.03209        37       640     0.858    0.9893    0.9881    0.7731   0.01768  0.005429  0.001272
    36/199     5.24G   0.02201  0.007075  0.002168   0.03126        26       640    0.8548     0.992    0.9885    0.7777   0.01803  0.005471  0.001222
    37/199     5.24G   0.02214  0.007054  0.002221   0.03141        33       640    0.8308    0.9852    0.9864    0.7702   0.01833  0.005633  0.001439
    38/199     5.24G    0.0221  0.007075   0.00227   0.03144        30       640    0.8801    0.9853    0.9885    0.7714   0.01746  0.005417   0.00124
    39/199     5.24G   0.02202  0.006951  0.002358   0.03133        26       640    0.8581     0.984     0.987     0.784   0.01712  0.005449  0.001123
    40/199     5.24G   0.02128  0.007054  0.002126   0.03046        22       640    0.8897    0.9909    0.9896    0.7868   0.01653  0.005308  0.001044
    41/199     5.24G    0.0214   0.00703  0.002195   0.03062        28       640    0.8961    0.9858    0.9894     0.779   0.01677   0.00529  0.001289
    42/199     5.24G   0.02102     0.007  0.002125   0.03015        29       640    0.8757     0.986    0.9889    0.7801   0.01714  0.005374  0.001014
    43/199     5.24G   0.02072  0.006865  0.002227   0.02982        31       640    0.8941     0.986    0.9894     0.785   0.01659  0.005197  0.001032
    44/199     5.24G   0.02111  0.006871  0.002014   0.02999        28       640    0.8926    0.9847     0.989     0.781   0.01639  0.005258  0.001152
    45/199     5.24G   0.02106  0.006734  0.002099   0.02989        24       640    0.8966    0.9844    0.9854    0.7936   0.01634  0.005296  0.001067
    46/199     5.24G   0.02018  0.006746  0.001745   0.02867        37       640    0.9068    0.9867    0.9899    0.7853   0.01686  0.005123  0.001018
    47/199     5.24G   0.02061  0.006506  0.002094   0.02921        26       640    0.8948    0.9839    0.9883    0.7908   0.01605  0.005267  0.001088
    48/199     5.24G   0.02024  0.006598  0.001963    0.0288        35       640     0.858     0.989    0.9889    0.7898   0.01616  0.005212  0.001116
    49/199     5.24G   0.01984    0.0066  0.001835   0.02827        29       640    0.8864    0.9866    0.9902     0.786   0.01604  0.005157  0.001004
    50/199     5.24G   0.01998  0.006593  0.001906   0.02848        23       640    0.8847    0.9911    0.9899    0.7852   0.01598  0.005069 0.0009934
    51/199     5.24G   0.01948  0.006464  0.001825   0.02777        23       640    0.8859    0.9881     0.991    0.7893   0.01603  0.005094 0.0009267
    52/199     5.24G   0.01963  0.006638  0.002017   0.02829        26       640    0.9105    0.9844    0.9874     0.794   0.01565   0.00525 0.0009987
    53/199     5.24G   0.01967  0.006294  0.001858   0.02782        29       640    0.8984    0.9858    0.9893    0.7907   0.01567  0.005111 0.0009466
    54/199     5.24G   0.01933  0.006473  0.002059   0.02786        27       640    0.9149    0.9887    0.9882    0.7976    0.0156  0.005061 0.0009084
    55/199     5.24G   0.01919  0.006433  0.001966   0.02759        34       640    0.8861    0.9894    0.9888    0.7954   0.01537  0.005113 0.0009442
    56/199     5.24G   0.01952  0.006331  0.002313   0.02817        38       640    0.8739     0.993    0.9903    0.7967   0.01572  0.004994  0.001094
    57/199     5.24G   0.01965  0.006537  0.001746   0.02793        25       640    0.9153    0.9875     0.988    0.7976   0.01551  0.005025 0.0008941
    58/199     5.24G   0.01895  0.006318  0.001964   0.02723        29       640    0.9093     0.988    0.9873    0.8038   0.01556  0.004945 0.0009574
    59/199     5.24G   0.01856  0.006153  0.001773   0.02649        35       640    0.9077    0.9889     0.989    0.7969   0.01548  0.005021 0.0008745
    60/199     5.24G   0.01902  0.006245  0.001724   0.02699        30       640    0.8758    0.9886    0.9884    0.7994   0.01545  0.005005 0.0007997
    61/199     5.24G   0.01889  0.006245  0.001731   0.02686        32       640    0.9036    0.9855    0.9877    0.7906   0.01536  0.004939 0.0008172
    62/199     5.24G   0.01886   0.00621  0.001899   0.02697        19       640     0.912    0.9884    0.9893    0.7956   0.01557  0.004887 0.0009247
    63/199     5.24G   0.01869  0.006191  0.001583   0.02647        32       640    0.9047    0.9877    0.9883     0.795   0.01553  0.004885 0.0008472
    64/199     5.24G   0.01849  0.006106  0.001825   0.02642        22       640    0.9167    0.9847    0.9884    0.8018   0.01542  0.004896 0.0009243
    65/199     5.24G   0.01861  0.005947  0.001801   0.02636        32       640    0.9164    0.9848    0.9869    0.7897   0.01554   0.00496 0.0009082
    66/199     5.24G   0.01799    0.0062  0.002336   0.02653        36       640    0.8912    0.9843    0.9883     0.801   0.01533  0.004944 0.0009492
    67/199     5.24G   0.01847  0.006327  0.001877   0.02667        17       640    0.8984    0.9849    0.9891    0.8024   0.01517  0.004868 0.0008783
    68/199     5.24G   0.01872  0.006197  0.001489   0.02641        34       640    0.9158    0.9865    0.9879     0.803   0.01463  0.004829 0.0008723
    69/199     5.24G     0.018  0.005992  0.001639   0.02563        40       640    0.9319    0.9829    0.9881    0.8042   0.01501  0.004828 0.0009139
    70/199     5.24G   0.01782  0.005895  0.001734   0.02545        17       640    0.9121    0.9872    0.9894    0.8047   0.01484  0.004783 0.0008646
    71/199     5.24G    0.0179  0.006005  0.001812   0.02572        36       640    0.9127    0.9877    0.9898     0.799   0.01508  0.004775 0.0008612
    72/199     5.24G   0.01798  0.006057  0.001596   0.02564        33       640     0.913    0.9894    0.9898    0.8052   0.01488  0.004746 0.0008416
    73/199     5.24G   0.01794  0.005984  0.001478    0.0254        27       640    0.9381    0.9807    0.9846    0.8005   0.01493  0.004974 0.0007739
    74/199     5.24G    0.0175  0.005822  0.001604   0.02492        23       640    0.9139    0.9855    0.9869    0.8079   0.01475  0.004815 0.0009109
    75/199     5.24G   0.01756   0.00589  0.001716   0.02517        31       640    0.9155    0.9822    0.9867    0.8013   0.01487  0.004886 0.0008719
    76/199     5.24G   0.01745   0.00597  0.001367   0.02479        22       640    0.8942    0.9908    0.9881    0.8048   0.01488  0.004719  0.000771
    77/199     5.24G   0.01719  0.005857  0.001491   0.02454        33       640    0.9253    0.9899    0.9901    0.8066    0.0148  0.004718 0.0007729
    78/199     5.24G    0.0172  0.005848  0.001434   0.02448        34       640    0.9165    0.9884    0.9893    0.8117   0.01477   0.00479 0.0008153
    79/199     5.24G   0.01756  0.005809   0.00198   0.02535        27       640    0.9239    0.9843    0.9879    0.8101   0.01477  0.004796  0.000858
    80/199     5.24G   0.01703  0.005829  0.001654   0.02451        30       640    0.9171    0.9893    0.9879    0.8117   0.01469  0.004695 0.0008422
    81/199     5.24G   0.01678  0.005767  0.001614   0.02416        26       640     0.929    0.9822     0.989    0.8098    0.0146  0.004796 0.0007446
    82/199     5.24G   0.01659  0.005778  0.001582   0.02395        28       640    0.9228    0.9864    0.9898    0.8121   0.01451  0.004737 0.0007538
    83/199     5.24G   0.01703  0.005783  0.001761   0.02457        31       640     0.916    0.9843     0.988    0.8117   0.01435  0.004787 0.0008319
    84/199     5.24G   0.01692    0.0058   0.00131   0.02403        34       640    0.9244    0.9848    0.9887    0.8114   0.01436  0.004697  0.000663
    85/199     5.24G   0.01672  0.005682   0.00179    0.0242        30       640    0.9276    0.9829    0.9881    0.8091   0.01456  0.004741  0.000752
    86/199     5.24G   0.01659  0.005692  0.001416    0.0237        29       640    0.9042    0.9862    0.9904    0.8121   0.01459  0.004735 0.0007711
    87/199     5.24G   0.01671  0.005725  0.001839   0.02428        26       640    0.9198    0.9865    0.9877    0.8124   0.01436  0.004763 0.0007811
    88/199     5.24G   0.01673  0.005655   0.00144   0.02383        28       640    0.9309    0.9901      0.99    0.8118   0.01447  0.004634 0.0007571
    89/199     5.24G   0.01637  0.005599  0.001484   0.02346        31       640    0.9291    0.9846    0.9877    0.8095   0.01445  0.004744 0.0007031
    90/199     5.24G   0.01635  0.005656  0.001288   0.02329        17       640    0.9183    0.9836    0.9889    0.8124    0.0143  0.004637 0.0007119
    91/199     5.24G   0.01627  0.005631  0.001546   0.02344        38       640    0.9192    0.9855    0.9883    0.8116   0.01426  0.004709 0.0007514
    92/199     5.24G    0.0165  0.005664  0.001761   0.02392        23       640    0.9095    0.9875    0.9897    0.8086   0.01449  0.004661 0.0007126
    93/199     5.24G   0.01648  0.005785  0.001557   0.02382        23       640    0.9229    0.9826    0.9857    0.8146   0.01428  0.004751 0.0006773
    94/199     5.24G   0.01625  0.005558  0.001467   0.02328        27       640     0.934    0.9843    0.9891    0.8177   0.01425  0.004633 0.0007497
    95/199     5.24G   0.01608  0.005557  0.001682   0.02332        37       640    0.9282    0.9804    0.9882     0.817   0.01425  0.004747 0.0007269
    96/199     5.24G   0.01593  0.005634  0.001474   0.02304        34       640    0.9359    0.9836    0.9873    0.8132   0.01409  0.004652 0.0006817
    97/199     5.24G   0.01606  0.005576  0.001301   0.02294        38       640    0.9225    0.9855    0.9899    0.8142   0.01425  0.004619 0.0006589
    98/199     5.24G   0.01579  0.005436  0.001319   0.02254        31       640    0.9355    0.9843    0.9893     0.815   0.01406  0.004563  0.000684
    99/199     5.24G   0.01556   0.00559  0.001421   0.02257        32       640     0.945    0.9829    0.9864     0.815   0.01414  0.004678 0.0006989
   100/199     5.24G   0.01541  0.005298  0.001485   0.02219        29       640    0.9309    0.9829     0.988    0.8175   0.01412  0.004584 0.0007066
   101/199     5.24G   0.01578  0.005424  0.001217   0.02242        28       640    0.9432    0.9829    0.9882    0.8187   0.01407   0.00462 0.0006909
   102/199     5.24G   0.01582  0.005508  0.001491   0.02281        33       640    0.9298    0.9822     0.989    0.8171   0.01411  0.004585 0.0006601
   103/199     5.24G    0.0157  0.005426  0.001638   0.02276        29       640    0.9396    0.9843    0.9885    0.8162   0.01413  0.004565 0.0006796
   104/199     5.24G   0.01553  0.005397  0.001307   0.02223        30       640    0.9204    0.9827    0.9866    0.8171   0.01405   0.00468 0.0006683
   105/199     5.24G   0.01562  0.005607  0.001141   0.02237        36       640     0.939    0.9839    0.9889    0.8189   0.01401  0.004526 0.0005546
   106/199     5.24G   0.01543  0.005265  0.001581   0.02228        31       640    0.9343    0.9829    0.9892    0.8171     0.014  0.004551 0.0006236
   107/199     5.24G   0.01533   0.00525  0.001106   0.02168        25       640    0.9441    0.9829    0.9872    0.8212    0.0139    0.0046 0.0005783
   108/199     5.24G   0.01528   0.00532  0.001299    0.0219        32       640    0.9457    0.9814    0.9873    0.8192   0.01402   0.00459 0.0005676
   109/199     5.24G   0.01535  0.005327  0.001347   0.02203        36       640    0.9404    0.9829    0.9874    0.8198   0.01399  0.004589 0.0006294
   110/199     5.24G   0.01523  0.005381  0.001465   0.02208        23       640     0.934    0.9836    0.9892    0.8196     0.014  0.004545 0.0006396
   111/199     5.24G   0.01515   0.00536  0.001118   0.02163        22       640    0.9367    0.9836    0.9885    0.8239   0.01386   0.00453 0.0005294
   112/199     5.24G   0.01505  0.005263  0.001413   0.02173        32       640     0.932    0.9878    0.9901    0.8217   0.01379  0.004459 0.0006156
   113/199     5.24G   0.01512  0.005368  0.001348   0.02183        28       640    0.9419    0.9829    0.9892    0.8181   0.01395  0.004508 0.0006289
   114/199     5.24G   0.01497   0.00519  0.001087   0.02124        17       640    0.9401    0.9834    0.9882    0.8219   0.01388   0.00453 0.0005601
   115/199     5.24G   0.01456  0.005267   0.00124   0.02107        29       640    0.9399    0.9829    0.9879      0.82   0.01385  0.004509 0.0006009
   116/199     5.24G    0.0147  0.005203  0.001333   0.02124        25       640    0.9373    0.9829    0.9887    0.8189   0.01378  0.004445 0.0006297
   117/199     5.24G   0.01473  0.005232  0.001411   0.02137        30       640    0.9519    0.9862    0.9899    0.8211   0.01369  0.004393 0.0006252
   118/199     5.24G   0.01468  0.005185  0.001098   0.02097        26       640    0.9344    0.9836    0.9899    0.8232    0.0139  0.004477 0.0005887
   119/199     5.24G   0.01459  0.005224   0.00122   0.02104        25       640    0.9444    0.9826    0.9889    0.8213   0.01389  0.004518 0.0005839
   120/199     5.24G   0.01456  0.005096  0.001026   0.02069        20       640    0.9465    0.9841    0.9891    0.8229   0.01388  0.004491 0.0005827
   121/199     5.24G    0.0144  0.005068  0.001174   0.02064        41       640    0.9423    0.9839    0.9895    0.8241   0.01373  0.004463 0.0005606
   122/199     5.24G   0.01447  0.005222  0.001264   0.02096        22       640    0.9344    0.9902    0.9901     0.823   0.01376  0.004387 0.0005357
   123/199     5.24G   0.01454  0.005184   0.00102   0.02074        30       640    0.9353    0.9845    0.9897    0.8226   0.01375  0.004435 0.0005307
   124/199     5.24G   0.01453  0.005247    0.0013   0.02108        35       640    0.9415    0.9848     0.989    0.8208   0.01368   0.00445 0.0005665
   125/199     5.24G   0.01453  0.005241  0.001035   0.02081        35       640    0.9365    0.9822    0.9889    0.8218   0.01373  0.004515 0.0004994
   126/199     5.24G   0.01437  0.005168  0.001294   0.02084        26       640    0.9429    0.9827    0.9892    0.8203    0.0139  0.004505 0.0006065
   127/199     5.24G   0.01443  0.005063  0.001535   0.02103        32       640    0.9401    0.9811    0.9872    0.8203   0.01384  0.004587  0.000661
   128/199     5.24G   0.01419  0.004978  0.001347   0.02051        33       640    0.9503    0.9836    0.9881    0.8177   0.01395  0.004498 0.0005117
   129/199     5.24G   0.01428  0.005021  0.001091   0.02039        31       640    0.9393    0.9877    0.9898    0.8209   0.01375  0.004477 0.0006092
   130/199     5.24G   0.01417  0.005122  0.001264   0.02055        30       640    0.9416    0.9866    0.9894    0.8219   0.01372  0.004477 0.0005722
   131/199     5.24G   0.01425  0.004946  0.001301    0.0205        19       640    0.9475    0.9833    0.9895     0.822   0.01373  0.004487 0.0005985
   132/199     5.24G   0.01404  0.004988  0.001059   0.02009        25       640    0.9499    0.9838    0.9895    0.8233   0.01371  0.004511 0.0005819
   133/199     5.24G   0.01412  0.005105  0.001319   0.02055        32       640    0.9426    0.9822    0.9887    0.8228   0.01365  0.004449 0.0005944
   134/199     5.24G   0.01419  0.005016  0.001237   0.02044        34       640    0.9329    0.9834    0.9893     0.819   0.01372  0.004471 0.0005913
   135/199     5.24G   0.01403  0.004991  0.001004   0.02002        26       640    0.9344    0.9847     0.988    0.8224   0.01368  0.004504 0.0005775
   136/199     5.24G   0.01386  0.005098  0.001032   0.01999        24       640    0.9381    0.9841    0.9888    0.8226   0.01371  0.004481 0.0005354
   137/199     5.24G   0.01388   0.00492  0.001237   0.02004        20       640    0.9445    0.9848    0.9879    0.8218   0.01373  0.004503  0.000572
   138/199     5.24G   0.01392  0.005054  0.001038   0.02001        23       640    0.9356    0.9848    0.9889    0.8222    0.0137  0.004432 0.0005001
   139/199     5.24G    0.0139  0.005083  0.001191   0.02017        33       640    0.9377    0.9836    0.9885    0.8224   0.01375  0.004445 0.0005406
   140/199     5.24G   0.01383  0.004996  0.001047   0.01987        28       640    0.9355    0.9836    0.9894    0.8205   0.01376  0.004404 0.0005003
   141/199     5.24G   0.01373     0.005 0.0009895   0.01972        33       640    0.9383    0.9829    0.9889    0.8219   0.01374  0.004463 0.0005243
   142/199     5.24G   0.01368  0.004959  0.001087   0.01973        23       640    0.9413    0.9841    0.9885    0.8249   0.01357   0.00447 0.0004893
   143/199     5.24G   0.01365  0.004929 0.0009686   0.01955        28       640    0.9416    0.9822    0.9889     0.824   0.01368  0.004455 0.0004831
   144/199     5.24G   0.01363  0.004932   0.00128   0.01984        24       640    0.9343    0.9814    0.9879    0.8238   0.01379  0.004485 0.0005221
   145/199     5.24G   0.01336  0.004954  0.000974   0.01929        36       640     0.937    0.9836    0.9889    0.8249   0.01377  0.004458 0.0005211
   146/199     5.24G   0.01355  0.004997  0.001265   0.01982        20       640    0.9371    0.9828    0.9884    0.8259   0.01364   0.00443 0.0005268
   147/199     5.24G    0.0135  0.004882 0.0009633   0.01935        31       640     0.949    0.9829    0.9881    0.8262   0.01363   0.00443 0.0004889
   148/199     5.24G   0.01343  0.004939  0.001003   0.01937        24       640    0.9409    0.9836    0.9882    0.8248    0.0136  0.004374 0.0005169
   149/199     5.24G   0.01331  0.004805 0.0008626   0.01898        24       640    0.9368    0.9829    0.9883     0.826   0.01363  0.004418  0.000483
   150/199     5.24G   0.01337  0.004858  0.001114   0.01934        23       640    0.9435    0.9827    0.9893    0.8246   0.01366  0.004411  0.000498
   151/199     5.24G   0.01354  0.004824  0.001326   0.01969        40       640    0.9454    0.9829    0.9893    0.8234    0.0136  0.004424 0.0005393
   152/199     5.24G   0.01332  0.004913 0.0009061   0.01914        30       640    0.9389    0.9818     0.989    0.8194   0.01369  0.004448 0.0005133
   153/199     5.24G    0.0132  0.004871  0.001002   0.01907        33       640    0.9379    0.9825    0.9893    0.8228   0.01368  0.004428 0.0005123
   154/199     5.24G    0.0133  0.004859  0.001064   0.01922        32       640    0.9392    0.9847    0.9894    0.8243   0.01355  0.004398 0.0005503
   155/199     5.24G   0.01312  0.004827  0.001069   0.01902        38       640      0.94     0.983     0.989    0.8243   0.01355  0.004424 0.0005161
   156/199     5.24G   0.01326  0.004716  0.001028   0.01901        36       640    0.9456    0.9836    0.9896     0.826   0.01354    0.0044 0.0004769
   157/199     5.24G   0.01333  0.004782  0.001006   0.01911        32       640    0.9363    0.9843    0.9897    0.8253   0.01351  0.004381 0.0004607
   158/199     5.24G   0.01327  0.004747  0.001024   0.01904        22       640     0.933    0.9829    0.9893    0.8234    0.0136  0.004414 0.0004862
   159/199     5.24G   0.01315  0.004766  0.001273   0.01919        27       640    0.9345    0.9848    0.9894     0.826   0.01364  0.004417 0.0005302
   160/199     5.24G   0.01304  0.004831  0.001109   0.01898        40       640    0.9386     0.985    0.9899    0.8248   0.01365  0.004365  0.000467
   161/199     5.24G   0.01305  0.004632   0.00106   0.01874        36       640    0.9374    0.9862    0.9897    0.8276   0.01367  0.004372 0.0005009
   162/199     5.24G   0.01309  0.004882  0.001283   0.01925        23       640     0.942    0.9836    0.9897    0.8245   0.01364  0.004377 0.0005124
   163/199     5.24G   0.01296  0.004829  0.001163   0.01895        32       640      0.94    0.9848    0.9893    0.8266   0.01351  0.004352 0.0005175
   164/199     5.24G   0.01301  0.004847 0.0009191   0.01878        29       640    0.9463    0.9861      0.99    0.8236   0.01349  0.004335  0.000467
   165/199     5.24G   0.01302  0.004754  0.001049   0.01882        23       640    0.9419     0.984    0.9894    0.8221   0.01357  0.004323 0.0004688
   166/199     5.24G   0.01306   0.00469 0.0008476    0.0186        25       640    0.9433    0.9829    0.9887    0.8237   0.01347  0.004377 0.0004099
   167/199     5.24G   0.01304  0.004736   0.00088   0.01866        26       640    0.9462    0.9822    0.9895    0.8248   0.01346  0.004405 0.0003954
   168/199     5.24G   0.01289  0.004705 0.0008498   0.01845        29       640    0.9502    0.9848    0.9894    0.8241   0.01344  0.004392 0.0003833
   169/199     5.24G   0.01287  0.004737 0.0008465   0.01845        33       640    0.9535    0.9827    0.9895     0.823   0.01349  0.004379 0.0003619
   170/199     5.24G   0.01272  0.004655 0.0008968   0.01827        32       640    0.9517    0.9822    0.9894    0.8252   0.01352  0.004382 0.0003602
   171/199     5.24G    0.0127  0.004779  0.000889   0.01836        27       640     0.955    0.9799    0.9884    0.8247   0.01344  0.004401 0.0003868
   172/199     5.24G   0.01279  0.004693  0.001089   0.01857        35       640    0.9526    0.9816    0.9885    0.8244   0.01343  0.004392 0.0003906
   173/199     5.24G    0.0128  0.004689  0.001087   0.01858        28       640    0.9459    0.9808    0.9888    0.8247   0.01353  0.004408 0.0004428
   174/199     5.24G   0.01275  0.004752 0.0008619   0.01836        24       640    0.9447    0.9815    0.9877    0.8247   0.01356  0.004407 0.0004451
   175/199     5.24G   0.01261  0.004674 0.0008635   0.01815        30       640    0.9457    0.9819    0.9872    0.8254   0.01353  0.004414 0.0004305
   176/199     5.24G   0.01277  0.004685  0.001001   0.01846        31       640    0.9458    0.9818    0.9871    0.8233   0.01356  0.004426 0.0004153
   177/199     5.24G    0.0127  0.004639 0.0009197   0.01826        29       640    0.9418    0.9819    0.9884    0.8241   0.01352  0.004361 0.0004154
   178/199     5.24G   0.01278  0.004646  0.001083   0.01851        27       640    0.9436    0.9818    0.9882    0.8255   0.01347  0.004372 0.0004219
   179/199     5.24G   0.01281   0.00467 0.0007952   0.01828        31       640    0.9407    0.9825    0.9893    0.8257   0.01351  0.004358 0.0004321
   180/199     5.24G   0.01264  0.004669  0.001009   0.01832        30       640    0.9455    0.9818    0.9888     0.824   0.01356  0.004367 0.0004643
   181/199     5.24G   0.01283  0.004614 0.0008283   0.01828        25       640    0.9481    0.9819    0.9884    0.8248   0.01356  0.004372 0.0004694
   182/199     5.24G    0.0126  0.004665  0.001153   0.01842        22       640    0.9448    0.9829    0.9885     0.825   0.01352  0.004369 0.0004893
   183/199     5.24G   0.01268  0.004678 0.0009165   0.01828        30       640     0.946    0.9829    0.9885    0.8256   0.01354  0.004397 0.0005058
   184/199     5.24G   0.01252  0.004629   0.00119   0.01834        32       640    0.9413    0.9829    0.9886    0.8242   0.01355  0.004385 0.0004784
   185/199     5.24G   0.01255  0.004576 0.0006198   0.01774        32       640     0.948    0.9829    0.9883    0.8247   0.01354   0.00441 0.0004193
   186/199     5.24G   0.01259   0.00457 0.0008263   0.01798        33       640     0.944    0.9829    0.9877    0.8239   0.01349  0.004395 0.0004112
   187/199     5.24G   0.01261  0.004584  0.001005    0.0182        27       640    0.9476    0.9824    0.9884    0.8214   0.01355  0.004429 0.0004501
   188/199     5.24G   0.01265  0.004778 0.0007241   0.01815        23       640    0.9471    0.9829    0.9885    0.8245   0.01352  0.004402 0.0004329
   189/199     5.24G   0.01273  0.004542  0.001055   0.01833        33       640    0.9412    0.9829    0.9887    0.8245   0.01355  0.004389 0.0004391
   190/199     5.24G    0.0127  0.004605 0.0009525   0.01826        27       640     0.938    0.9822    0.9888    0.8233   0.01354  0.004397  0.000427
   191/199     5.24G   0.01276  0.004611  0.001006   0.01838        24       640    0.9335    0.9824    0.9886     0.824   0.01354  0.004367 0.0004426
   192/199     5.24G   0.01258    0.0047 0.0008699   0.01815        27       640    0.9377    0.9818     0.989    0.8256   0.01355  0.004371 0.0004158
   193/199     5.24G   0.01247  0.004644 0.0006826    0.0178        30       640    0.9419    0.9818    0.9895    0.8247   0.01348  0.004358 0.0004285
   194/199     5.24G    0.0126  0.004627 0.0009453   0.01817        33       640    0.9427    0.9818    0.9887    0.8265   0.01345  0.004364 0.0004178
   195/199     5.24G   0.01255  0.004583 0.0007505   0.01789        24       640    0.9433    0.9818    0.9884     0.824   0.01347  0.004364 0.0004038
   196/199     5.24G   0.01242  0.004518 0.0008477   0.01779        30       640    0.9427    0.9829    0.9884    0.8243    0.0135  0.004356 0.0003829
   197/199     5.24G   0.01249  0.004611 0.0008764   0.01798        36       640    0.9448    0.9829    0.9893    0.8244   0.01354   0.00436 0.0004418
   198/199     5.24G   0.01246  0.004561 0.0008386   0.01786        35       640    0.9464    0.9829    0.9896    0.8265   0.01353  0.004336 0.0004265
   199/199     5.24G   0.01254  0.004693  0.001083   0.01831        25       640    0.9444    0.9827    0.9897     0.826   0.01352  0.004336 0.0004533
